




-529676325 2768 2568 132 3260 5219 5219
-528630983 2768 28144 132 98668 55522 55522
-527587333 2768 34728 132 98668 61946 61946
-526541870 2768 43296 132 98716 70690 70690
-525492369 2768 62936 132 100284 91765 91765
-524442793 2768 76256 132 111092 108429 108429
-523381692 2768 210936 132 114016 112565 112565
-522323552 2768 211968 132 114016 113581 113581
-521264281 2768 212868 132 114016 114373 114373
-520205739 2768 213768 132 114016 115505 115505
-519148753 2768 214924 132 114016 116673 116673
-518089673 2768 216212 132 114016 117829 117829
-517027184 2768 217368 132 114016 118905 118905
-515966831 2768 218268 132 114016 119997 119997
-514906493 2768 219556 132 114016 121093 121093
-513848450 2768 220200 132 114016 121725 121725
-512788927 2768 221100 132 114016 122785 122785
-511730412 2768 222256 132 114016 123913 123913
-510667954 2768 223632 132 114016 125141 125141
-509603999 2768 224532 132 114016 126237 126237
-508543246 2768 225688 132 114016 127377 127377
-507480621 2768 226976 132 114016 128481 128481
-506421237 2768 227876 132 114016 129609 129609
-505360789 2768 228388 132 114016 129941 129941
-504301364 2768 229288 132 114016 131029 131029
-503241106 2768 230576 132 114016 132129 132129
-502179487 2768 231476 132 114016 133233 133233
-501126908 2768 234432 132 114016 136149 136149
-500069060 2768 236232 132 114016 137961 137961
-499013898 2768 239328 132 114016 140877 140877
-497957021 2768 242300 132 114016 143801 143801
-496900759 2768 245012 132 114016 146705 146705
-495842490 2768 246560 132 114016 148405 148405
-494789059 2768 249224 132 114016 151189 151189
-493735892 2768 251932 132 114016 153869 153869
-492678692 2768 254384 132 114016 156357 156357
-491623317 2768 257596 132 114016 159369 159369
-490566584 2768 261212 132 114016 162989 162989
-489511248 2768 262112 132 114016 163921 163921
-488455616 2768 265068 132 114016 166985 166985
-487400082 2768 268156 132 114016 170061 170061
-486347015 2768 273788 132 114016 175717 175717
-485288626 2768 278016 132 114016 179853 179853
-484234712 2768 280320 132 114016 182401 182401
-483180451 2768 286092 132 114016 188145 188145
-482124036 2768 291980 132 114016 193993 193993
-481068984 2768 292688 132 114016 194513 194513
-480013639 2768 293264 132 114016 195229 195229
-478958272 2768 293504 132 114016 195509 195509
-477903278 2768 293848 132 114016 195773 195773
-476849681 2768 294156 132 114016 196021 196021
-475793460 2768 299184 132 114016 201209 201209
-474734659 2768 291336 132 114016 193333 201209
-473562479 2768 695096 132 114016 217505 217505
-472371506 2768 716912 132 114016 301881 301881
-471182765 2768 781676 132 114016 377557 377557
-470110728 2768 593328 132 114016 455773 455773
-469039584 2768 555660 132 114016 417597 455773
-467954199 2768 562980 132 114016 428253 455773
-466845890 2768 555792 132 114016 416361 455773
-465759384 2768 548604 132 114016 413841 455773
-464687172 2768 548604 132 114016 413841 455773
-463620703 2768 542480 132 114016 408989 455773
-462514678 2768 546700 132 114016 411937 455773
-461431473 2768 546700 132 114016 407881 455773
-460358728 2768 542048 132 114016 408401 455773
-459287640 2768 599980 132 114016 459357 459357
-458221698 2768 801392 132 114016 597785 597785
-457155183 2768 801392 132 114016 660149 660149
-456088003 2768 771876 132 114016 637445 660149
-455021030 2768 830796 132 114016 682213 682213
-453936603 2768 830796 132 114016 605069 682213
-452868413 2768 739500 132 114016 605069 682213
-451797544 2768 739500 132 114016 605069 682213
-450729724 2768 739500 132 114016 605069 682213
-449602998 2768 830676 132 114016 653161 682213
-448517272 2768 710096 132 114016 521133 682213
-447429617 2768 710096 132 114016 575665 682213
-446350538 2768 739500 132 114016 605069 682213
-445273543 2768 739500 132 114016 605069 682213
-444165583 2768 830676 132 114016 575893 682213
-443080467 2768 830676 132 114016 696229 696229
-441986767 2768 710096 132 114016 575509 696229
-440900065 2768 739500 132 114016 604913 696229
-439808844 2768 739500 132 114016 604913 696229
-438726223 2768 739500 132 114016 604913 696229
-437611880 2768 830676 132 114016 686217 696229
-436505980 2768 638236 132 114016 423789 696229
-435380603 2768 636864 132 114016 502573 696229
-434301321 2768 571308 132 114016 433849 696229
-433224070 2768 549076 132 114016 414901 696229
-432123854 2768 549076 132 114016 412705 696229
-431054173 2768 547172 132 114016 412997 696229
-429983192 2768 548652 132 114016 414513 696229
-428869480 2768 556264 132 114016 418625 696229
-427800562 2768 556264 132 114016 414273 696229
-426726637 2768 549568 132 114016 415393 696229
-425659189 2768 599468 132 114016 424585 696229
-424590001 2768 599468 132 114016 454593 696229
-423484342 2768 800880 132 114016 622081 696229
-422367470 2768 800880 132 114016 666449 696229
-421253863 2768 830284 132 114016 658629 696229
-420138420 2768 738988 132 114016 605081 696229
-419049649 2768 738988 132 114016 605081 696229
-417961025 2768 738988 132 114016 605081 696229
-416866163 2768 830164 132 114016 668425 696229
-415782419 2768 709584 132 114016 523405 696229
-414701673 2768 709584 132 114016 575677 696229
-413609999 2768 738988 132 114016 605081 696229
-412528300 2768 738988 132 114016 605081 696229
-411441141 2768 830164 132 114016 574649 696229
-410347614 2768 830164 132 114016 695541 696229
-409255388 2768 709584 132 114016 575677 696229
-408160412 2768 738988 132 114016 605081 696229
-407077039 2768 738988 132 114016 605081 696229
-405985454 2768 738988 132 114016 605081 696229
-404910586 2768 830164 132 114016 676729 696229
-403769642 2768 768268 132 114016 516769 696229
-402678346 2768 637012 132 114016 437205 696229
-401606757 2768 570984 132 114016 436061 696229
-400536945 2768 556832 132 114016 414309 696229
-399464892 2768 556412 132 114016 417209 696229
-398386321 2768 549224 132 114016 415293 696229
-397320036 2768 549224 132 114016 413125 696229
-396230725 2768 547320 132 114016 413389 696229
-395157990 2768 548800 132 114016 408469 696229
-394064922 2768 543100 132 114016 409625 696229
-392990306 2768 601792 132 114016 411381 696229
-391925156 2768 803204 132 114016 494253 696229
-390855531 2768 803204 132 114016 656549 696229
-389778413 2768 803204 132 114016 668513 696229
-388684580 2768 832608 132 114016 658809 696229
-387607844 2768 741312 132 114016 606657 696229
-386535077 2768 741312 132 114016 606657 696229
-385450257 2768 741312 132 114016 606657 696229
-384366801 2768 832488 132 114016 686221 696229
-383256112 2768 711908 132 114016 566261 696229
-382169143 2768 682392 132 114016 547777 696229
-381077046 2768 741312 132 114016 606657 696229
-379960908 2768 741312 132 114016 606657 696229
-378849373 2768 832488 132 114016 626829 696229
-377698582 2768 770592 132 114016 635973 696229
-376619089 2768 711908 132 114016 577253 696229
-375538573 2768 741312 132 114016 606657 696229
-374424857 2768 741312 132 114016 606657 696229
-373349303 2768 682392 132 114016 547773 696229
-372257990 2768 832488 132 114016 693393 696229
-371141463 2768 564196 132 114016 429901 696229
-370068162 2768 601704 132 114016 459905 696229
-368988587 2768 567832 132 114016 432265 696229
-367905060 2768 547920 132 114016 410493 696229
-366834667 2768 549824 132 114016 409405 696229
-365731467 2768 549824 132 114016 415493 696229
-364661227 2768 549824 132 114016 411573 696229
-363591045 2768 549400 132 114016 415105 696229
-362523033 2768 557012 132 114016 419997 696229
-361452795 2768 550316 132 114016 415985 696229
-360380394 2768 600736 132 114016 442085 696229
-359309946 2768 802148 132 114016 598117 696229
-358236875 2768 802148 132 114016 663985 696229
-357156470 2768 802148 132 114016 637941 696229
-356082405 2768 831552 132 114016 686057 696229
-355009220 2768 740256 132 114016 605565 696229
-353935173 2768 740256 132 114016 605565 696229
-352862307 2768 740256 132 114016 605565 696229
-351770968 2768 831432 132 114016 690461 696229
-350678703 2768 710852 132 114016 576161 696229
-349597233 2768 740256 132 114016 594329 696229
-348503566 2768 740256 132 114016 605565 696229
-347419667 2768 740256 132 114016 605565 696229
-346327882 2768 831432 132 114016 657901 696229
-345241525 2768 769536 132 114016 517277 696229
-344113013 2768 710852 132 114016 576161 696229
-343019279 2768 740256 132 114016 605565 696229
-341923163 2768 740256 132 114016 605565 696229
-340827195 2768 831432 132 114016 570541 696229
-339737582 2768 831432 132 114016 696285 696285
-338650853 2768 572580 132 114016 408325 696285
-337556111 2768 638144 132 114016 415085 696285
-336467972 2768 572116 132 114016 437369 696285
-335385900 2768 550356 132 114016 415673 696285
-334320193 2768 550356 132 114016 415673 696285
-333226719 2768 548452 132 114016 413769 696285
-332147694 2768 557544 132 114016 415285 696285
-331080482 2768 557544 132 114016 415053 696285
-329976557 2768 550356 132 114016 415673 696285
-328898424 2768 550848 132 114016 416165 696285
-327833410 2768 601000 132 114016 429281 696285
-326764504 2768 601000 132 114016 459841 696285
-325699734 2768 802412 132 114016 630137 696285
-324622194 2768 802412 132 114016 665969 696285
-323539949 2768 831816 132 114016 646841 696285
-322456285 2768 740520 132 114016 605833 696285
-321371010 2768 740520 132 114016 605833 696285
-320283082 2768 740520 132 114016 605833 696285
-319167819 2768 831696 132 114016 684905 696285
-318084762 2768 711116 132 114016 564201 696285
-317010480 2768 681600 132 114016 546949 696285
-315922814 2768 740520 132 114016 605833 696285
-314828091 2768 740520 132 114016 605833 696285
-313715124 2768 831696 132 114016 597781 696285
-312601349 2768 831696 132 114016 635149 696285
-311509653 2768 711116 132 114016 576413 696285
-310417524 2768 740520 132 114016 605705 696285
-309321408 2768 740520 132 114016 605705 696285
-308228687 2768 740520 132 114016 605705 696285
-307142373 2768 831696 132 114016 687505 696285
-306069309 2768 522788 132 114028 388113 696285



































































































